%<Barra de carga><P trifásico [kW]><cosfi (indutivo)>
cargas = [020 129 0.92
030 146 0.92
040 139 0.92
050 124 0.95
060 138 0.95
070 129 0.92
080 124 0.91
090 151 0.93
100 129 0.92
110 135 0.93
120 131 0.94
130 121 0.92
140 122 0.91
150 127 0.94
160 138 0.92
170 123 0.91
180 144 0.92
190 148 0.94
200 129 0.91
210 145 0.92
220 140 0.91
230 129 0.93
240 159 0.92
250 153 0.94
260 153 0.94
270 144 0.90
280 130 0.92
290 123 0.91
300 155 0.91
310 142 0.92
320 162 0.92
330 148 0.90
340 129 0.92
350 146 0.91
];