%<Barra pai><Barra filho><Comprimento [m]><Raa ohms/m><Xaa ohms/m><Rab ohms/m><Xab ohms/m><Rac ohms/m><Xac ohms/m><Rba ohms/m><Xba ohms/m><Rbb ohms/m><Xbb ohms/m><Rbc ohms/m><Xbc ohms/m><Rca ohms/m><Xca ohms/m><Rcb ohms/m><Xcb ohms/m><Rcc ohms/m><Xcc ohms/m>
topologia = [
010 020 174 0.000183085600 0.000866253400 0.000111027900 0.000388197400 0.000109048400 0.000336728000 0.000111027900 0.000388197400 0.000186391400 0.000864739200 0.000111027900 0.000388197400 0.000109048400 0.000336728000 0.000111027900 0.000388197400 0.000183085600 0.000866253400
020 030 193 0.000183085600 0.000866253400 0.000111027900 0.000388197400 0.000109048400 0.000336728000 0.000111027900 0.000388197400 0.000186391400 0.000864739200 0.000111027900 0.000388197400 0.000109048400 0.000336728000 0.000111027900 0.000388197400 0.000183085600 0.000866253400
030 040 214 0.000183085600 0.000866253400 0.000111027900 0.000388197400 0.000109048400 0.000336728000 0.000111027900 0.000388197400 0.000186391400 0.000864739200 0.000111027900 0.000388197400 0.000109048400 0.000336728000 0.000111027900 0.000388197400 0.000183085600 0.000866253400
040 050 219 0.000183085600 0.000866253400 0.000111027900 0.000388197400 0.000109048400 0.000336728000 0.000111027900 0.000388197400 0.000186391400 0.000864739200 0.000111027900 0.000388197400 0.000109048400 0.000336728000 0.000111027900 0.000388197400 0.000183085600 0.000866253400
050 060 222 0.000183085600 0.000866253400 0.000111027900 0.000388197400 0.000109048400 0.000336728000 0.000111027900 0.000388197400 0.000186391400 0.000864739200 0.000111027900 0.000388197400 0.000109048400 0.000336728000 0.000111027900 0.000388197400 0.000183085600 0.000866253400
060 070 194 0.000183085600 0.000866253400 0.000111027900 0.000388197400 0.000109048400 0.000336728000 0.000111027900 0.000388197400 0.000186391400 0.000864739200 0.000111027900 0.000388197400 0.000109048400 0.000336728000 0.000111027900 0.000388197400 0.000183085600 0.000866253400
070 270 190 0.000183085600 0.000866253400 0.000111027900 0.000388197400 0.000109048400 0.000336728000 0.000111027900 0.000388197400 0.000186391400 0.000864739200 0.000111027900 0.000388197400 0.000109048400 0.000336728000 0.000111027900 0.000388197400 0.000183085600 0.000866253400
270 280 184 0.000183085600 0.000866253400 0.000111027900 0.000388197400 0.000109048400 0.000336728000 0.000111027900 0.000388197400 0.000186391400 0.000864739200 0.000111027900 0.000388197400 0.000109048400 0.000336728000 0.000111027900 0.000388197400 0.000183085600 0.000866253400
280 300 208 0.000183085600 0.000866253400 0.000111027900 0.000388197400 0.000109048400 0.000336728000 0.000111027900 0.000388197400 0.000186391400 0.000864739200 0.000111027900 0.000388197400 0.000109048400 0.000336728000 0.000111027900 0.000388197400 0.000183085600 0.000866253400
300 320 211 0.000183085600 0.000866253400 0.000111027900 0.000388197400 0.000109048400 0.000336728000 0.000111027900 0.000388197400 0.000186391400 0.000864739200 0.000111027900 0.000388197400 0.000109048400 0.000336728000 0.000111027900 0.000388197400 0.000183085600 0.000866253400
030 350 177 0.000201394160 0.000952878740 0.000122130690 0.000427017140 0.000119953240 0.000370400800 0.000122130690 0.000427017140 0.000205030540 0.000951213120 0.000122130690 0.000427017140 0.000119953240 0.000370400800 0.000122130690 0.000427017140 0.000201394160 0.000952878740
350 080 198 0.000201394160 0.000952878740 0.000122130690 0.000427017140 0.000119953240 0.000370400800 0.000122130690 0.000427017140 0.000205030540 0.000951213120 0.000122130690 0.000427017140 0.000119953240 0.000370400800 0.000122130690 0.000427017140 0.000201394160 0.000952878740
350 090 192 0.000201394160 0.000952878740 0.000122130690 0.000427017140 0.000119953240 0.000370400800 0.000122130690 0.000427017140 0.000205030540 0.000951213120 0.000122130690 0.000427017140 0.000119953240 0.000370400800 0.000122130690 0.000427017140 0.000201394160 0.000952878740
350 100 209 0.000201394160 0.000952878740 0.000122130690 0.000427017140 0.000119953240 0.000370400800 0.000122130690 0.000427017140 0.000205030540 0.000951213120 0.000122130690 0.000427017140 0.000119953240 0.000370400800 0.000122130690 0.000427017140 0.000201394160 0.000952878740
040 130 217 0.000201394160 0.000952878740 0.000122130690 0.000427017140 0.000119953240 0.000370400800 0.000122130690 0.000427017140 0.000205030540 0.000951213120 0.000122130690 0.000427017140 0.000119953240 0.000370400800 0.000122130690 0.000427017140 0.000201394160 0.000952878740
050 190 218 0.000201394160 0.000952878740 0.000122130690 0.000427017140 0.000119953240 0.000370400800 0.000122130690 0.000427017140 0.000205030540 0.000951213120 0.000122130690 0.000427017140 0.000119953240 0.000370400800 0.000122130690 0.000427017140 0.000201394160 0.000952878740
190 200 207 0.000201394160 0.000952878740 0.000122130690 0.000427017140 0.000119953240 0.000370400800 0.000122130690 0.000427017140 0.000205030540 0.000951213120 0.000122130690 0.000427017140 0.000119953240 0.000370400800 0.000122130690 0.000427017140 0.000201394160 0.000952878740
190 210 194 0.000201394160 0.000952878740 0.000122130690 0.000427017140 0.000119953240 0.000370400800 0.000122130690 0.000427017140 0.000205030540 0.000951213120 0.000122130690 0.000427017140 0.000119953240 0.000370400800 0.000122130690 0.000427017140 0.000201394160 0.000952878740
210 220 193 0.000201394160 0.000952878740 0.000122130690 0.000427017140 0.000119953240 0.000370400800 0.000122130690 0.000427017140 0.000205030540 0.000951213120 0.000122130690 0.000427017140 0.000119953240 0.000370400800 0.000122130690 0.000427017140 0.000201394160 0.000952878740
210 230 182 0.000201394160 0.000952878740 0.000122130690 0.000427017140 0.000119953240 0.000370400800 0.000122130690 0.000427017140 0.000205030540 0.000951213120 0.000122130690 0.000427017140 0.000119953240 0.000370400800 0.000122130690 0.000427017140 0.000201394160 0.000952878740
230 240 217 0.000201394160 0.000952878740 0.000122130690 0.000427017140 0.000119953240 0.000370400800 0.000122130690 0.000427017140 0.000205030540 0.000951213120 0.000122130690 0.000427017140 0.000119953240 0.000370400800 0.000122130690 0.000427017140 0.000201394160 0.000952878740
230 250 187 0.000201394160 0.000952878740 0.000122130690 0.000427017140 0.000119953240 0.000370400800 0.000122130690 0.000427017140 0.000205030540 0.000951213120 0.000122130690 0.000427017140 0.000119953240 0.000370400800 0.000122130690 0.000427017140 0.000201394160 0.000952878740
020 330 171 0.000219702720 0.001039504080 0.000133233480 0.000465836880 0.000130858080 0.000404073600 0.000133233480 0.000465836880 0.000223669680 0.001037687040 0.000133233480 0.000465836880 0.000130858080 0.000404073600 0.000133233480 0.000465836880 0.000219702720 0.001039504080
330 110 188 0.000219702720 0.001039504080 0.000133233480 0.000465836880 0.000130858080 0.000404073600 0.000133233480 0.000465836880 0.000223669680 0.001037687040 0.000133233480 0.000465836880 0.000130858080 0.000404073600 0.000133233480 0.000465836880 0.000219702720 0.001039504080
330 120 222 0.000219702720 0.001039504080 0.000133233480 0.000465836880 0.000130858080 0.000404073600 0.000133233480 0.000465836880 0.000223669680 0.001037687040 0.000133233480 0.000465836880 0.000130858080 0.000404073600 0.000133233480 0.000465836880 0.000219702720 0.001039504080
050 340 204 0.000219702720 0.001039504080 0.000133233480 0.000465836880 0.000130858080 0.000404073600 0.000133233480 0.000465836880 0.000223669680 0.001037687040 0.000133233480 0.000465836880 0.000130858080 0.000404073600 0.000133233480 0.000465836880 0.000219702720 0.001039504080
340 140 194 0.000219702720 0.001039504080 0.000133233480 0.000465836880 0.000130858080 0.000404073600 0.000133233480 0.000465836880 0.000223669680 0.001037687040 0.000133233480 0.000465836880 0.000130858080 0.000404073600 0.000133233480 0.000465836880 0.000219702720 0.001039504080
